34.724
32.711
30.827
29.214
27.854
26.691
25.675
24.773
23.96
23.219
22.536
21.901
21.308
20.75
20.222
19.721
19.243
18.787
18.349
17.928
17.522
17.131
16.752
16.384
16.028
15.682
15.344
15.016
14.695
14.382
14.076
13.776
13.483
13.196
12.914
12.638
12.366
12.099
11.837
11.579
11.325
11.075
10.828
10.586
10.346
10.11
9.8769
9.6469
9.4198
9.1954
8.9737
8.7546
8.538
8.3238
8.1119
7.9022
7.6947
7.4893
7.2859
7.0845
6.8849
6.6872
6.4913
6.2971
6.1046
5.9138
5.7245
5.5368
5.3505
5.1658
4.9824
4.8004
4.6198
4.4405
4.2625
4.0858
3.9102
3.7359
3.5627
3.3906
3.2197
3.0498
2.881
2.7132
2.5465
2.3807
2.2159
2.052
1.8891
1.7271
1.566
1.4057
1.2463
1.0878
0.93003
0.7731
0.61696
0.46159
0.30699
0.15313
0
